N: 101
M: 43
Symmetric: true
Triangle: true
1 1
2 1 2 
2 3 4 
2 5 6 
2 7 8 
2 9 10 
2 11 12 
2 13 14 
2 15 16 
2 17 18 
1 19 
2 20 21 
2 22 23 
3 24 25 26 
3 27 28 29 
3 30 31 32 
3 33 34 35 
3 36 37 38 
3 39 40 41 
3 42 43 44 
3 45 46 47 
3 48 49 50 
1 51 
2 52 53 
2 54 55 
2 56 57 
2 58 59 
2 60 61 
2 62 63 
2 64 65 
2 66 67 
2 68 69 
2 70 71 
2 72 73 
3 74 75 76 
3 77 78 79 
3 80 81 82 
3 83 84 85 
3 86 87 88 
3 89 90 91 
3 92 93 94 
3 95 96 97 
3 98 99 100 
0.0 44.20354433841244 74.96794265324779 41.88320160221008 75.14468784246633 41.27156417467531 75.29159533387013 41.18228997911702 77.36065830276543 41.22627519122002 75.49298468630406 41.29129647995859 75.50355698764557 43.49049966022254 77.3587643910081 41.334410064385025 75.72298502122109 41.34486486428785 75.73117415234346 75.82945882212023 75.82945882212022 91.90469912077052 75.82945882212022 89.38579771902918 86.47471462030734 78.32084227511452 48.33445096679824 86.56653779236912 78.31915401300947 48.33526234539585 86.67464521354773 78.29872383660765 48.345745877349316 89.93591505903096 80.29632584520934 49.56119400872097 87.60247026343457 78.52913539445001 48.32889467149444 86.72006721144083 78.52383608481404 48.33234813361765 89.93033978763646 80.43604481386788 50.3963802109115 87.68323930712124 78.73384776200928 48.33856526790436 86.76425040480906 78.72745322564569 48.340710118620116 41.14414409027451 38.60442472314654 7.238748307235125 36.66113335503547 4.720789296813051 49.66551437144078 37.2182285002705 47.655508274215634 36.61886391253379 47.6672829398324 36.57615141674251 47.57892807580196 38.1453608015667 47.63092429030206 36.35248736215914 47.68711830292703 36.34667947511444 47.63544797638859 38.223153110411936 47.74413688068176 36.10576086362942 47.84181891475131 36.10464159483546 32.953109241771685 42.07357296617366 2.5815367225174275 33.07315909200541 42.07315807654238 2.1130444745170345 33.19796255366057 42.0814548139427 2.164858657535742 34.967799107613075 42.97289660801935 2.083867940101958 32.97317243357093 42.091024745462605 2.104935964638523 32.98275249737654 42.100341052877454 2.174323180171238 34.98757085204157 43.249466555738266 2.1238802906608925 32.790751360696824 42.08288155592707 2.2720556386689936 32.80076885968195 42.08926987893679 2.4022292070893343 
44.20354433841244 0.0 40.851790497888764 2.320342736202369 41.02853568710729 4.649962760197693 41.17544317851111 4.593982624943378 43.2445061474064 5.077178234383849 41.37683253094502 5.077178234383849 41.387404832286535 1.3313460340335443 43.24261223564907 2.8929214984609835 41.60683286586206 5.077178234383849 41.615021996984424 41.71330666676119 41.71330666676119 57.78854696541149 41.71330666676119 55.26964556367015 52.35856246494831 83.37705506675773 92.53799530521067 52.450385637010086 83.37536680465269 92.53880668380829 52.55849305818871 83.35493662825087 92.54929021576176 55.81976290367193 85.35253863685257 93.7647383471334 53.48631810807554 83.58534818609323 92.53243900990688 52.60391505608181 83.58004887645727 92.53589247203008 55.81418763227743 85.49225760551111 94.59992454932394 53.567087151762216 83.79006055365251 92.5421096063168 52.64809824945003 83.78366601728891 92.54425445703255 85.34768842868695 82.80796906155898 51.44229264564757 80.8646776934479 48.924333635225494 93.8690587098532 81.42177283868294 91.85905261262808 80.82240825094622 91.87082727824483 80.77969575515495 91.7824724142144 82.34890513997914 91.8344686287145 80.55603170057158 91.89066264133947 80.55022381352688 91.83899231480103 82.42669744882437 91.94768121909419 80.30930520204186 92.04536325316374 80.3081859332479 37.98428863318186 7.957420810814629 46.78508106092987 38.10433848341559 7.957005921183347 46.316588812929474 38.22914194507075 7.965302658583671 46.36840299594819 39.99897849902325 8.856744452660317 46.2874122785144 38.004351824981114 7.97487259010358 46.30848030305096 38.01393188878673 7.984188897518424 46.37786751858368 40.01875024345175 9.133314400379238 46.327424629073334 37.82193075210701 7.96672940056804 46.47559997708144 37.83194825109213 7.973117723577765 46.605773545501776 
74.96794265324779 40.851790497888764 0.0 38.531447761686394 0.7743889676036941 37.91981033415163 1.1232954295599422 37.83053613859334 4.9381132910898575 37.874521350696334 2.3970651800376044 37.9395426394349 1.1256607587126157 40.13874581969886 4.9362193793325275 37.98265622386134 2.406898276317273 37.993111023764165 1.2629052985700848 2.293094669434425 1.4860252538028251 43.099804430944864 1.5655179158097696 40.580903029203526 37.66981993048168 55.517970873670606 77.84925277074404 37.76164310254346 55.51628261156555 77.85006414934166 37.86975052372208 55.495852435163734 77.86054768129513 41.1310203692053 57.49345444376544 79.07599581266678 38.79757557360891 55.7262639930061 77.84369647544025 37.91517252161518 55.720964683370134 77.84714993756346 41.125445097810804 57.63317341242398 79.91118201485732 38.87834461729559 55.93097636056537 77.85336707185017 37.9593557149834 55.92458182420177 77.85551192256592 110.4313071438699 107.89158777674193 82.20669096048292 105.94829640863085 79.68873195006084 79.18031617538658 106.50539155386589 77.17031007816145 105.90602696612919 77.1820847437782 105.8633144703379 77.09372987974777 107.43252385516209 77.14572609424788 105.63965041575453 77.20192010687285 105.63384252870983 77.1502497803344 107.51031616400732 77.25893868462757 105.3929239172248 77.35662071869712 105.39180464843085 55.58063125168769 38.72181912564997 77.54947937576522 55.70068110192142 38.72140423601869 77.08098712776483 55.82548456357657 38.729700973419014 77.13280131078353 57.595321117529075 39.62114276749566 77.05181059334974 55.60069444348694 38.73927090493893 77.07287861788632 55.61027450729255 38.74858721235377 77.14226583341903 57.61509286195758 39.89771271521458 77.09182294390868 55.41827337061283 38.73112771540338 77.23999829191678 55.42829086959796 38.73751603841311 77.37017186033712 
41.88320160221008 2.320342736202369 38.531447761686394 0.0 38.70819295090492 2.329620023995324 38.85510044230874 2.2736398887410094 40.924163411204034 2.7568354981814807 39.05648979474265 2.7568354981814807 39.067062096084165 1.6072980580124658 40.9222694994467 1.3300666732830215 39.28649012965969 2.7568354981814807 39.294679260782054 39.39296393055882 39.39296393055882 55.46820422920913 39.39296393055882 52.94930282746779 50.03821972874594 81.05671233055538 90.21765256900832 50.13004290080772 81.05502406845034 90.21846394760593 50.238150321986346 81.03459389204852 90.2289474795594 53.499420167469566 83.03219590065022 91.44439561093105 51.165975371873174 81.26500544989088 90.21209627370452 50.28357231987945 81.25970614025492 90.21554973582772 53.49384489607507 83.17191486930876 92.27958181312158 51.24674441555985 81.46971781745016 90.22176687011444 50.327755513247666 81.46332328108656 90.22391172083019 83.02734569248459 80.48762632535662 49.121949909445206 78.54433495724555 46.60399089902313 91.54871597365086 79.10143010248058 89.53870987642571 78.50206551474386 89.55048454204248 78.45935301895258 89.46212967801205 80.02856240377679 89.51412589251214 78.23568896436922 89.57031990513711 78.22988107732452 89.51864957859867 80.10635471262202 89.62733848289184 77.9889624658395 89.7250205169614 77.98784319704555 35.6639458969795 5.63707807461226 44.464738324727506 35.783995747213226 5.6366631849809785 43.99624607672711 35.90879920886838 5.644959922381302 44.048060259745824 37.67863576282088 6.536401716457949 43.96706954231204 35.684009088778744 5.654529853901211 43.9881375668486 35.69358915258436 5.663846161316054 44.057524782381314 37.698407507249385 6.812971664176869 44.00708189287097 35.50158801590464 5.6463866643656715 44.155257240879074 35.511605514889766 5.6527749873753965 44.28543080929941 
75.14468784246633 41.02853568710729 0.7743889676036941 38.70819295090492 0.0 38.09655552337016 0.817193516931686 38.00728132781187 4.987446380493216 38.05126653991486 2.4463982694409614 38.11628782865343 0.8951702221740226 40.31549100891739 4.985552468735884 38.15940141307987 2.45623136572063 38.169856212982694 1.146702029312933 2.342427758837782 1.487778125071032 43.276549620163394 1.5371470633651025 40.757648218422055 37.84656511970021 55.694716062889135 78.02599795996258 37.938388291761996 55.69302780078408 78.0268093385602 38.04649571294061 55.67259762438226 78.03729287051367 41.30776555842383 57.670199632983966 79.25274100188531 38.97432076282744 55.90300918222463 78.02044166465879 38.09191771083371 55.89770987258866 78.023895126782 41.30219028702933 57.80991860164251 80.08792720407585 39.05508980651412 56.107721549783896 78.03011226106871 38.13610090420193 56.1013270134203 78.03225711178446 110.60805233308844 108.06833296596047 82.38343614970145 106.12504159784939 79.86547713927938 79.35706136460512 106.68213674308443 77.34705526737999 106.08277215534773 77.35882993299674 106.04005965955643 77.2704750689663 107.60926904438062 77.32247128346641 105.81639560497307 77.37866529609138 105.81058771792837 77.32699496955294 107.68706135322586 77.4356838738461 105.56966910644334 77.53336590791565 105.56854983764939 55.75737644090622 38.8985643148685 77.72622456498375 55.87742629113995 38.89814942523722 77.25773231698336 56.0022297527951 38.90644616263754 77.30954650000207 57.772066306747604 39.79788795671419 77.22855578256828 55.777439632705466 38.916016094157456 77.24962380710485 55.78701969651108 38.9253324015723 77.31901102263757 57.79183805117611 40.07445790443311 77.26856813312722 55.59501855983136 38.90787290462191 77.41674348113531 55.60503605881649 38.91426122763164 77.54691704955566 
41.27156417467531 4.649962760197693 37.91981033415163 2.329620023995324 38.09655552337016 0.0 38.24346301477397 1.1428476475358125 40.31252598366926 1.0264106902474306 38.444852367207886 0.9698449804432057 38.4554246685494 3.93691808200779 40.31063207191193 1.7570412617367097 38.67485270212492 1.329913187728075 38.68304183324729 38.781326503024054 38.781326503024054 54.85656680167436 38.781326503024054 52.33766539993302 49.42658230121118 80.44507490302061 89.60601514147355 49.51840547327296 80.44338664091556 89.60682652007117 49.62651289445158 80.42295646451375 89.61731005202464 52.8877827399348 82.42055847311545 90.83275818339628 50.55433794433841 80.6533680223561 89.60045884616974 49.67193489234468 80.64806871272015 89.60391230829296 52.8822074685403 82.56027744177399 91.66794438558682 50.635106988025086 80.85808038991539 89.61012944257968 49.7161180857129 80.85168585355179 89.61227429329543 82.41570826494981 79.87598889782186 48.51031248191044 77.93269752971078 45.992353471488364 90.93707854611608 78.48979267494582 88.92707244889095 77.8904280872091 88.93884711450771 77.84771559141782 88.85049225047727 79.41692497624202 88.90248846497738 77.62405153683446 88.95868247760234 77.61824364978975 88.9070121510639 79.49471728508725 89.01570105535707 77.37732503830473 89.11338308942662 77.37620576951078 35.05230846944473 5.025440647077499 43.85310089719274 35.17235831967846 5.025025757446217 43.384608649192344 35.297161781333614 5.033322494846541 43.43642283221105 37.066998335286115 5.924764288923187 43.35543211477727 35.07237166124398 5.04289242636645 43.37650013931383 35.08195172504959 5.052208733781293 43.44588735484655 37.08677007971462 6.201334236642108 43.395444465336205 34.88995058836987 5.03474923683091 43.54361981334431 34.899968087355 5.041137559840635 43.673793381764646 
75.29159533387013 41.17544317851111 1.1232954295599422 38.85510044230874 0.817193516931686 38.24346301477397 0.0 38.15418881921568 4.987446380493216 38.19817403131868 2.4463982694409614 38.26319532005724 0.8075887732500505 40.46239850032121 4.985552468735884 38.306308904483686 2.45623136572063 38.31676370438651 1.1381374509402276 2.342427758837782 1.5480396338902813 43.42345711156721 1.561548022930702 40.90455570982587 37.993472611104025 55.84162355429295 78.1729054513664 38.085295783165805 55.839935292187896 78.17371682996402 38.19340320434443 55.81950511578608 78.18420036191749 41.45467304982765 57.81710712438778 79.39964849328913 39.121228254231255 56.049916673628445 78.16734915606261 38.23882520223753 56.04461736399248 78.17080261818582 41.44909777843315 57.956826093046324 80.23483469547968 39.201997297917934 56.25462904118771 78.17701975247253 38.28300839560575 56.24823450482412 78.17916460318828 110.75495982449226 108.21524045736429 82.53034364110526 106.27194908925321 80.01238463068319 79.50396885600894 106.82904423448825 77.49396275878381 106.22967964675155 77.50573742440056 106.18696715096026 77.41738256037013 107.75617653578445 77.46937877487024 105.96330309637689 77.52557278749521 105.9574952093322 77.47390246095677 107.83396884462968 77.58259136524993 105.71657659784717 77.68027339931947 105.71545732905321 55.90428393231004 39.04547180627232 77.87313205638756 56.02433378254376 39.04505691664104 77.40463980838717 56.14913724419892 39.05335365404136 77.45645399140588 57.91897379815142 39.94479544811801 77.37546327397209 55.92434712410928 39.06292358556127 77.39653129850866 55.9339271879149 39.072239892976114 77.46591851404138 57.93874554257992 40.221365395836926 77.41547562453103 55.741926051235176 39.05478039602573 77.56365097253912 55.751943550220304 39.06116871903546 77.69382454095947 
41.18228997911702 4.593982624943378 37.83053613859334 2.2736398887410094 38.00728132781187 1.1428476475358125 38.15418881921568 0.0 40.22325178811097 0.6231138631468208 38.3555781716496 0.8947845892761307 38.36615047299111 3.880937946753475 40.22135787635364 1.7010611264823952 38.585578506566634 1.119418615400125 38.593767637689 38.692052307465765 38.692052307465765 54.76729260611607 38.692052307465765 52.248391204374734 49.33730810565289 80.35580070746232 89.51674094591526 49.429131277714674 80.35411244535727 89.51755232451288 49.53723869889329 80.33368226895546 89.52803585646635 52.79850854437651 82.33128427755716 90.74348398783799 50.46506374878012 80.56409382679782 89.51118465061145 49.58266069678639 80.55879451716186 89.51463811273467 52.79293327298201 82.4710032462157 91.57867019002853 50.5458327924668 80.7688061943571 89.52085524702139 49.62684389015461 80.7624116579935 89.52300009773714 82.32643406939152 79.78671470226357 48.42103828635215 77.84342333415249 45.903079275930075 90.8478043505578 78.40051847938753 88.83779825333266 77.80115389165081 88.84957291894942 77.75844139585953 88.76121805491898 79.32765078068373 88.81321426941909 77.53477734127617 88.86940828204405 77.52896945423146 88.8177379555056 79.40544308952896 88.92642685979878 77.28805084274644 89.02410889386833 77.28693157395249 34.96303427388644 4.936166451519208 43.76382670163445 35.08308412412017 4.935751561887927 43.295334453634055 35.207887585775325 4.944048299288251 43.34714863665276 36.977724139727826 5.835490093364897 43.26615791921898 34.98309746568569 4.953618230808159 43.287225943755544 34.9926775294913 4.962934538223003 43.35661315928826 36.99749588415633 6.112060041083819 43.306170269777915 34.80067639281158 4.94547504127262 43.45434561778602 34.81069389179671 4.951863364282344 43.58451918620636 
77.36065830276543 43.2445061474064 4.9381132910898575 40.924163411204034 4.987446380493216 40.31252598366926 4.987446380493216 40.22325178811097 0.0 40.26723700021397 2.541048111052255 40.33225828895253 4.987446380493215 42.531461469216495 0.803036324276748 40.37537187337898 2.5312150147725854 40.3858266732818 4.987446380493216 2.6450186216554337 4.987446380493216 45.492520080462505 4.987446380493215 42.97361867872117 40.06253557999932 57.91068652318824 80.24196842026168 40.1543587520611 57.908998261083184 80.2427797988593 40.26246617323972 57.88856808468137 80.25326333081277 43.52373601872294 59.88617009328307 81.46871146218442 41.19029122312655 58.11897964252373 80.2364121249579 40.307888171132824 58.11368033288777 80.2398655870811 43.518160747328444 60.02588906194161 82.30389766437496 41.27106026681323 58.323692010083 80.24608272136781 40.35207136450104 58.31729747371941 80.24822757208356 112.82402279338754 110.28430342625957 84.59940661000056 108.3410120581485 82.08144759957848 81.57303182490422 108.89810720338353 79.56302572767909 108.29874261564683 79.57480039329585 108.25603011985554 79.48644552926541 109.82523950467973 79.53844174376552 108.03236606527217 79.59463575639049 108.02655817822748 79.54296542985205 109.90303181352496 79.6516543341452 107.78563956674245 79.74933636821476 107.78452029794849 57.97334690120533 41.11453477516761 79.94219502528286 58.09339675143906 41.114119885536326 79.47370277728247 58.21820021309421 41.122416622936655 79.52551696030118 59.98803676704671 42.013858417013296 79.44452624286738 57.99341009300457 41.13198655445656 79.46559426740396 58.002990156810185 41.14130286187141 79.53498148293667 60.00780851147522 42.29042836473222 79.48453859342632 57.810989020130464 41.123843364921015 79.63271394143442 57.8210065191156 41.130231687930745 79.76288750985476 
41.22627519122002 5.077178234383849 37.874521350696334 2.7568354981814807 38.05126653991486 1.0264106902474306 38.19817403131868 0.6231138631468208 40.26723700021397 0.0 38.39956338375259 0.6487308654169373 38.410135685094104 4.364133556193947 40.26534308845664 2.1842567359228657 38.62956371866963 1.0829135272663157 38.637752849791994 38.73603751956876 38.73603751956876 54.81127781821907 38.73603751956876 52.29237641647773 49.38129331775588 80.39978591956532 89.56072615801826 49.47311648981767 80.39809765746027 89.56153753661587 49.581223910996286 80.37766748105845 89.57202106856934 52.842493756479506 82.37526948966016 90.78746919994099 50.50904896088311 80.60807903890081 89.55516986271445 49.62664590888939 80.60277972926485 89.55862332483767 52.83691848508501 82.5149884583187 91.62265540213153 50.58981800456979 80.8127914064601 89.56484045912438 49.670829102257606 80.80639687009649 89.56698530984013 82.37041928149452 79.83069991436656 48.465023498455146 77.88740854625549 45.94706448803307 90.89178956266079 78.44450369149052 88.88178346543566 77.84513910375381 88.89355813105242 77.80242660796253 88.80520326702198 79.37163599278672 88.85719948152209 77.57876255337916 88.91339349414704 77.57295466633445 88.8617231676086 79.44942830163195 88.97041207190178 77.33203605484944 89.06809410597133 77.33091678605548 35.00701948598944 4.980151663622201 43.807811913737446 35.127069336223165 4.97973677399092 43.33931966573705 35.25187279787832 4.988033511391244 43.39113384875576 37.02170935183082 5.87947530546789 43.31014313132198 35.027082677788684 4.997603442911152 43.33121115585854 35.0366627415943 5.006919750325995 43.400598371391254 37.041481096259325 6.156045253186811 43.35015548188091 34.84466160491458 4.989460253375613 43.498330829889014 34.854679103899706 4.995848576385337 43.62850439830935 
75.49298468630406 41.37683253094502 2.3970651800376044 39.05648979474265 2.4463982694409614 38.444852367207886 2.4463982694409614 38.3555781716496 2.541048111052255 38.39956338375259 0.0 38.464584672491156 2.446398269440962 40.66378785275512 2.539154199294923 38.5076982569176 0.8039181210866667 38.518153056820424 2.4463982694409614 1.3264261782750215 2.446398269440961 43.62484646400112 2.4463982694409614 41.105945062259785 38.19486196353794 56.043012906726865 78.37429480380031 38.286685135599726 56.04132464462181 78.37510618239793 38.39479255677834 56.02089446821999 78.3855897143514 41.65606240226156 58.018496476821696 79.60103784572304 39.32261760666517 56.25130602606236 78.36873850849652 38.44021455467144 56.24600671642639 78.37219197061972 41.65048713086706 58.15821544548024 80.43622404791358 39.40338665035185 56.456018393621626 78.37840910490644 38.48439774803966 56.44962385725803 78.38055395562219 110.95634917692617 108.4166298097982 82.73173299353918 106.47333844168713 80.21377398311711 79.70535820844285 107.03043358692216 77.69535211121772 106.43106899918546 77.70712677683447 106.38835650339416 77.61877191280404 107.95756588821837 77.67076812730414 106.1646924488108 77.72696213992911 106.1588845617661 77.67529181339067 108.03535819706359 77.78398071768383 105.91796595028107 77.88166275175338 105.91684668148712 56.10567328474395 39.24686115870623 78.07452140882148 56.22572313497768 39.24644626907495 77.6060291608211 56.35052659663283 39.25474300647527 77.6578433438398 58.120363150585334 40.14618480055192 77.57685262640601 56.125736476543196 39.264312937995186 77.59792065094258 56.13531654034881 39.27362924541003 77.6673078664753 58.14013489501384 40.42275474827084 77.61686497696495 55.94331540366909 39.25616974845964 77.76504032497304 55.95333290265422 39.26255807146937 77.89521389339339 
41.29129647995859 5.077178234383849 37.9395426394349 2.7568354981814807 38.11628782865343 0.9698449804432057 38.26319532005724 0.8947845892761307 40.33225828895253 0.6487308654169373 38.464584672491156 0.0 38.47515697383267 4.364133556193947 40.3303643771952 2.1842567359228657 38.69458500740819 1.068613202757265 38.70277413853056 38.801058808307324 38.801058808307324 54.87629910695764 38.801058808307324 52.3573977052163 49.446314606494454 80.4648072083039 89.62574744675683 49.538137778556234 80.46311894619885 89.62655882535444 49.64624519973486 80.44268876979703 89.6370423573079 52.90751504521808 82.44029077839873 90.85249048867956 50.574070249621684 80.67310032763939 89.62019115145303 49.69166719762796 80.66780101800343 89.62364461357623 52.90193977382358 82.58000974705728 91.68767669087009 50.65483929330836 80.87781269519867 89.62986174786295 49.73585039099618 80.87141815883507 89.6320065985787 82.4354405702331 79.89572120310513 48.53004478719372 77.95242983499406 46.01208577677164 90.95681085139937 78.50952498022909 88.94680475417422 77.91016039249237 88.958579419791 77.8674478967011 88.87022455576056 79.4366572815253 88.92222077026065 77.64378384211773 88.97841478288562 77.63797595507303 88.92674445634718 79.51444959037053 89.03543336064035 77.39705734358802 89.1331153947099 77.39593807479406 35.07204077472801 5.045172952360769 43.872833202476016 35.192090624961736 5.044758062729487 43.40434095447562 35.316894086616884 5.053054800129811 43.456155137494335 37.086730640569385 5.944496594206457 43.37516442006055 35.09210396652725 5.06262473164972 43.39623244459711 35.10168403033286 5.071941039064564 43.465619660129825 37.106502384997896 6.221066541925379 43.41517677061948 34.90968289365314 5.05448154211418 43.563352118627584 34.919700392638276 5.060869865123905 43.693525687047924 
75.50355698764557 41.387404832286535 1.1256607587126157 39.067062096084165 0.8951702221740226 38.4554246685494 0.8075887732500505 38.36615047299111 4.987446380493215 38.410135685094104 2.446398269440962 38.47515697383267 0.0 40.67436015409663 4.985552468735884 38.51827055825911 2.4562313657206305 38.528725358161935 0.8060436416281247 2.3424277588377826 1.344361678286963 43.635418765342635 1.37953005241093 41.1165173636013 38.20543426487945 56.05358520806838 78.38486710514182 38.29725743694124 56.05189694596332 78.38567848373944 38.40536485811985 56.031466769561504 78.39616201569291 41.66663470360307 58.02906877816321 79.61161014706455 39.33318990800668 56.26187832740387 78.37931080983803 38.450786856012954 56.256579017767905 78.38276427196124 41.661059432208575 58.16878774682175 80.4467963492551 39.41395895169336 56.46659069496314 78.38898140624795 38.49497004938117 56.460196158599544 78.3911262569637 110.96692147826768 108.4272021111397 82.7423052948807 106.48391074302864 80.22434628445862 79.71593050978436 107.04100588826367 77.70592441255923 106.44164130052697 77.71769907817598 106.39892880473568 77.62934421414555 107.96813818955988 77.68134042864565 106.17526475015231 77.73753444127063 106.16945686310761 77.68586411473218 108.0459304984051 77.79455301902534 105.92853825162258 77.8922350530949 105.92741898282863 56.11624558608546 39.25743346004774 78.085093710163 56.23629543631919 39.25701857041646 77.6166014621626 56.361098897974344 39.265315307816785 77.66841564518131 58.130935451926845 40.15675710189343 77.58742492774752 56.13630877788471 39.2748852393367 77.6084929522841 56.14588884169032 39.28420154675154 77.67788016781681 58.15070719635535 40.43332704961235 77.62743727830646 55.9538877050106 39.26674204980115 77.77561262631455 55.96390520399573 39.27313037281088 77.9057861947349 
43.49049966022254 1.3313460340335443 40.13874581969886 1.6072980580124658 40.31549100891739 3.93691808200779 40.46239850032121 3.880937946753475 42.531461469216495 4.364133556193947 40.66378785275512 4.364133556193947 40.67436015409663 0.0 42.52956755745917 2.1798768202710805 40.89378818767216 4.364133556193947 40.90197731879452 41.00026198857129 41.00026198857129 57.07550228722159 41.00026198857129 54.55660088548025 51.645517786758404 82.66401038856783 91.82495062702077 51.737340958820184 82.66232212646278 91.82576200561839 51.84544837999881 82.64189195006097 91.83624553757186 55.10671822548203 84.63949395866267 93.0516936689435 52.773273429885634 82.87230350790333 91.81939433171698 51.89087037789191 82.86700419826737 91.82284779384018 55.10114295408753 84.77921292732121 93.88687987113404 52.854042473572314 83.0770158754626 91.8290649281269 51.93505357126013 83.070621339099 91.83120977884265 84.63464375049705 82.09492438336908 50.72924796745767 80.151633015258 48.21128895703559 93.1560140316633 80.70872816049304 91.14600793443817 80.10936357275632 91.15778260005493 80.06665107696504 91.0694277360245 81.63586046178924 91.1214239505246 79.84298702238168 91.17761796314957 79.83717913533698 91.12594763661113 81.71365277063447 91.23463654090429 79.59626052385195 91.33231857497384 79.595141255058 37.27124395499196 7.244376132624726 46.07203638273997 37.391293805225686 7.243961242993445 45.60354413473957 37.51609726688085 7.252257980393768 45.655358317758285 39.28593382083335 8.143699774470415 45.5743676003245 37.29130714679121 7.261827911913677 45.59543562486106 37.30088721059683 7.27114421932852 45.664822840393775 39.305705565261846 8.420269722189335 45.61437995088343 37.108886073917105 7.2536847223781376 45.762555298891535 37.11890357290223 7.260073045387863 45.892728867311874 
77.3587643910081 43.24261223564907 4.9362193793325275 40.9222694994467 4.985552468735884 40.31063207191193 4.985552468735884 40.22135787635364 0.803036324276748 40.26534308845664 2.539154199294923 40.3303643771952 4.985552468735884 42.52956755745917 0.0 40.373477961621646 2.529321103015254 40.38393276152447 4.985552468735884 2.6431247098981028 4.985552468735884 45.49062616870517 4.985552468735884 42.97172476696383 40.060641668241985 57.90879261143091 80.24007450850436 40.152464840303765 57.907104349325856 80.24088588710198 40.26057226148239 57.88667417292404 80.25136941905545 43.52184210696561 59.88427618152574 81.4668175504271 41.188397311369215 58.117085730766405 80.23451821320057 40.30599425937549 58.11178642113044 80.23797167532378 43.51626683557111 60.023995150184284 82.30200375261764 41.269166355055894 58.32179809832567 80.24418880961049 40.35017745274371 58.31540356196208 80.24633366032624 112.82212888163022 110.28240951450225 84.59751269824322 108.33911814639117 82.07955368782115 81.5711379131469 108.89621329162621 79.56113181592177 108.29684870388951 79.57290648153852 108.25413620809822 79.48455161750809 109.82334559292241 79.5365478320082 108.03047215351485 79.59274184463317 108.02466426647015 79.54107151809472 109.90113790176764 79.64976042238789 107.78374565498513 79.74744245645743 107.78262638619117 57.971452989448 41.11264086341028 79.94030111352552 58.09150283968172 41.112225973779 79.47180886552513 58.21630630133688 41.12052271117932 79.52362304854384 59.98614285528938 42.01196450525597 79.44263233111005 57.99151618124724 41.13009264269923 79.46370035564662 58.00109624505286 41.139408950114074 79.53308757117934 60.00591459971788 42.288534452974886 79.48264468166899 57.809095108373135 41.12194945316369 79.63082002967708 57.819112607358264 41.12833777617342 79.76099359809743 
41.334410064385025 2.8929214984609835 37.98265622386134 1.3300666732830215 38.15940141307987 1.7570412617367097 38.306308904483686 1.7010611264823952 40.37537187337898 2.1842567359228657 38.5076982569176 2.1842567359228657 38.51827055825911 2.1798768202710805 40.373477961621646 0.0 38.737698591834636 2.184256735922866 38.745887722957 38.84417239273377 38.84417239273377 54.919412691384075 38.84417239273377 52.400511289642736 49.48942819092089 80.50792079273033 89.66886103118327 49.58125136298267 80.50623253062528 89.66967240978087 49.68935878416129 80.48580235422347 89.68015594173434 52.95062862964451 82.48340436282517 90.895604073106 50.61718383404812 80.71621391206583 89.66330473587946 49.73478078205439 80.71091460242987 89.66675819800267 52.945053358250014 82.62312333148371 91.73079027529653 50.6979528777348 80.9209262796251 89.67297533228938 49.77896397542261 80.9145317432615 89.67512018300513 82.47855415465953 79.93883478753156 48.57315837162015 77.9955434194205 46.05519936119808 90.9999244358258 78.55263856465552 88.98991833860066 77.95327397691881 89.00169300421743 77.91056148112753 88.913338140187 79.47977086595174 88.96533435468709 77.68689742654416 89.02152836731206 77.68108953949947 88.96985804077362 79.55756317479697 89.07854694506679 77.44017092801445 89.17622897913634 77.4390516592205 35.115154359154445 5.08828653678721 43.91594678690245 35.23520420938817 5.087871647155929 43.44745453890206 35.36000767104333 5.096168384556252 43.49926872192077 37.12984422499583 5.987610178632899 43.418278004486986 35.13521755095369 5.105738316076161 43.43934602902355 35.144797614759305 5.115054623491005 43.50873324455626 37.14961596942433 6.26418012635182 43.45829035504592 34.952796478079584 5.097595126540622 43.60646570305402 34.96281397706471 5.103983449550347 43.73663927147436 
75.72298502122109 41.60683286586206 2.406898276317273 39.28649012965969 2.45623136572063 38.67485270212492 2.45623136572063 38.585578506566634 2.5312150147725854 38.62956371866963 0.8039181210866667 38.69458500740819 2.4562313657206305 40.89378818767216 2.529321103015254 38.737698591834636 0.0 38.74815339173746 2.4562313657206305 1.0988197786798968 2.45623136572063 43.85484679891816 2.4562313657206305 41.33594539717682 38.424862298454975 56.2730132416439 78.60429513871735 38.51668547051676 56.271324979538846 78.60510651731497 38.62479289169538 56.25089480313703 78.61559004926843 41.8860627371786 58.24849681173873 79.83103818064008 39.552617941582206 56.481306360979396 78.59873884341356 38.67021488958848 56.47600705134343 78.60219230553676 41.8804874657841 58.388215780397275 80.66622438283062 39.633386985268885 56.68601872853866 78.60840943982348 38.7143980829567 56.67962419217507 78.61055429053923 111.1863495118432 108.64663014471523 82.96173332845622 106.70333877660417 80.44377431803414 79.93535854335988 107.2604339218392 77.92535244613475 106.66106933410249 77.93712711175151 106.6183568383112 77.84877224772107 108.1875662231354 77.90076846222118 106.39469278372783 77.95696247484615 106.38888489668314 77.90529214830771 108.26535853198062 78.01398105260087 106.14796628519811 78.11166308667042 106.14684701640415 56.33567361966099 39.47686149362327 78.30452174373852 56.455723469894714 39.47644660399199 77.83602949573813 56.58052693154987 39.48474334139231 77.88784367875684 58.35036348550237 40.37618513546896 77.80685296132305 56.35573681146023 39.49431327291222 77.82792098585962 56.36531687526585 39.503629580327065 77.89730820139233 58.370135229930874 40.65275508318788 77.84686531188198 56.173315738586126 39.48617008337668 77.99504065989008 56.183333237571254 39.49255840638641 78.12521422831043 
41.34486486428785 5.077178234383849 37.993111023764165 2.7568354981814807 38.169856212982694 1.329913187728075 38.31676370438651 1.119418615400125 40.3858266732818 1.0829135272663157 38.518153056820424 1.068613202757265 38.528725358161935 4.364133556193947 40.38393276152447 2.184256735922866 38.74815339173746 0.0 38.756342522859825 38.85462719263659 38.85462719263659 54.9298674912869 38.85462719263659 52.41096608954556 49.499882990823714 80.51837559263315 89.67931583108609 49.5917061628855 80.5166873305281 89.68012720968369 49.69981358406412 80.49625715412628 89.69061074163716 52.96108342954734 82.49385916272799 90.90605887300882 50.627638633950944 80.72666871196864 89.6737595357823 49.74523558195722 80.72136940233268 89.6772129979055 52.95550815815284 82.63357813138653 91.74124507519934 50.708407677637624 80.93138107952792 89.6834301321922 49.78941877532544 80.92498654316432 89.68557498290797 82.48900895456235 79.9492895874344 48.58361317152298 78.00599821932332 46.0656541611009 91.01037923572862 78.56309336455834 89.00037313850348 77.96372877682164 89.01214780412025 77.92101628103036 88.92379294008981 79.49022566585455 88.9757891545899 77.69735222644698 89.03198316721489 77.6915443394023 88.98031284067645 79.56801797469979 89.08900174496961 77.45062572791727 89.18668377903916 77.44950645912331 35.12560915905727 5.09874133669003 43.92640158680528 35.245659009290996 5.098326447058749 43.45790933880488 35.37046247094615 5.106623184459073 43.50972352182359 37.14029902489865 5.998064978535719 43.42873280438981 35.145672350856515 5.116193115978981 43.44980082892637 35.15525241466213 5.125509423393824 43.519188044459085 37.160070769327156 6.27463492625464 43.46874515494874 34.96325127798241 5.108049926443442 43.616920502956845 34.97326877696754 5.114438249453166 43.747094071377184 
75.73117415234346 41.615021996984424 1.2629052985700848 39.294679260782054 1.146702029312933 38.68304183324729 1.1381374509402276 38.593767637689 4.987446380493216 38.637752849791994 2.4463982694409614 38.70277413853056 0.8060436416281247 40.90197731879452 4.985552468735884 38.745887722957 2.4562313657206305 38.756342522859825 0.0 2.342427758837782 1.1203639025460916 43.863035930040525 1.2011890660993145 41.344134528299186 38.43305142957734 56.281202372766266 78.61248426983971 38.52487460163913 56.27951411066121 78.61329564843733 38.63298202281774 56.259083934259394 78.6237791803908 41.89425186830096 58.2566859428611 79.83922731176244 39.56080707270457 56.48949549210176 78.60692797453592 38.67840402071084 56.484196182465794 78.61038143665913 41.888676596906464 58.39640491151964 80.67441351395298 39.64157611639125 56.69420785966103 78.61659857094584 38.72258721407906 56.68781332329743 78.61874342166159 111.19453864296557 108.6548192758376 82.96992245957858 106.71152790772652 80.45196344915651 79.94354767448225 107.26862305296156 77.93354157725712 106.66925846522486 77.94531624287387 106.62654596943356 77.85696137884344 108.19575535425776 77.90895759334354 106.4028819148502 77.96515160596852 106.3970740278055 77.91348127943007 108.27354766310299 78.02217018372323 106.15615541632047 78.11985221779278 106.15503614752652 56.34386275078335 39.48505062474563 78.31271087486088 56.46391260101708 39.48463573511435 77.8442186268605 56.58871606267223 39.492932472514674 77.8960328098792 58.358552616624735 40.38437426659132 77.81504209244541 56.3639259425826 39.50250240403459 77.83611011698198 56.37350600638821 39.51181871144943 77.9054973325147 58.37832436105324 40.66094421431024 77.85505444300435 56.18150486970849 39.49435921449904 78.00322979101244 56.19152236869362 39.50074753750877 78.13340335943279 
75.82945882212023 41.71330666676119 2.293094669434425 39.39296393055882 2.342427758837782 38.781326503024054 2.342427758837782 38.692052307465765 2.6450186216554337 38.73603751956876 1.3264261782750215 38.801058808307324 2.3424277588377826 41.00026198857129 2.6431247098981028 38.84417239273377 1.0988197786798968 38.85462719263659 2.342427758837782 0.0 2.342427758837782 43.96132059981729 2.3424277588377826 41.44241919807595 38.53133609935411 56.37948704254303 78.71076893961649 38.62315927141589 56.37779878043798 78.7115803182141 38.73126669259451 56.35736860403616 78.72206385016757 41.99253653807773 58.354970612637864 79.93751198153922 39.65909174248134 56.58778016187853 78.7052126443127 38.77668869048761 56.58248085224256 78.7086661064359 41.98696126668323 58.494689581296406 80.77269818372976 39.739860786168016 56.792492529437794 78.71488324072261 38.82087188385583 56.7860979930742 78.71702809143837 111.29282331274234 108.75310394561437 83.06820712935536 106.8098125775033 80.55024811893328 80.04183234425902 107.36690772273833 78.03182624703389 106.76754313500163 78.04360091265065 106.72483063921034 77.95524604862021 108.29404002403453 78.00724226312032 106.50116658462697 78.06343627574529 106.49535869758228 78.01176594920685 108.37183233287976 78.12045485350001 106.25444008609725 78.21813688756956 106.25332081730329 56.44214742056012 39.5833352945224 78.41099554463766 56.562197270793845 39.58292040489112 77.94250329663727 56.687000732449 39.59121714229144 77.99431747965598 58.4568372864015 40.48265893636809 77.91332676222218 56.462210612359364 39.600787073811354 77.93439478675876 56.47179067616498 39.610103381226196 78.00378200229147 58.476609030830005 40.75922888408701 77.95333911278112 56.27978953948526 39.59264388427581 78.10151446078922 56.289807038470386 39.59903220728554 78.23168802920956 
75.82945882212022 41.71330666676119 1.4860252538028251 39.39296393055882 1.487778125071032 38.781326503024054 1.5480396338902813 38.692052307465765 4.987446380493216 38.73603751956876 2.446398269440961 38.801058808307324 1.344361678286963 41.00026198857129 4.985552468735884 38.84417239273377 2.45623136572063 38.85462719263659 1.1203639025460916 2.342427758837782 0.0 43.96132059981729 1.0455538793793122 41.44241919807595 38.53133609935411 56.37948704254303 78.71076893961649 38.62315927141589 56.37779878043798 78.7115803182141 38.73126669259451 56.35736860403616 78.72206385016757 41.99253653807773 58.354970612637864 79.93751198153922 39.65909174248134 56.58778016187853 78.7052126443127 38.77668869048761 56.58248085224256 78.7086661064359 41.98696126668323 58.494689581296406 80.77269818372976 39.739860786168016 56.792492529437794 78.71488324072261 38.82087188385583 56.7860979930742 78.71702809143837 111.29282331274234 108.75310394561437 83.06820712935534 106.8098125775033 80.55024811893327 80.04183234425902 107.36690772273833 78.03182624703389 106.76754313500163 78.04360091265065 106.72483063921034 77.95524604862021 108.29404002403453 78.00724226312032 106.50116658462697 78.06343627574529 106.49535869758228 78.01176594920685 108.37183233287976 78.12045485350001 106.25444008609725 78.21813688756956 106.25332081730329 56.44214742056012 39.5833352945224 78.41099554463764 56.562197270793845 39.58292040489112 77.94250329663726 56.687000732449 39.59121714229144 77.99431747965596 58.4568372864015 40.48265893636809 77.91332676222217 56.462210612359364 39.600787073811354 77.93439478675874 56.47179067616498 39.610103381226196 78.00378200229146 58.476609030830005 40.75922888408701 77.95333911278111 56.27978953948526 39.59264388427581 78.1015144607892 56.289807038470386 39.59903220728554 78.23168802920955 
