N: 32
M: 15
Symmetric: true
Triangle: true
1 1 
2 2 3 
2 4 5 
2 6 7 
1 8 
3 9 10 11 
3 12 13 14 
2 15 16 
1 17 
2 18 19 
2 20 21 
2 22 23 
3 24 25 26 
3 27 28 29 
3 30 31 32 
0.0 44.20354433841244 74.96794265324779 43.77030429672968 75.21899395209613 43.03110959168053 75.5067936417619 75.82458210239525 86.47471462030734 78.32084227511453 48.334450966798244 88.80578494224505 78.65789745775207 50.811783354731354 88.3441469296005 78.76990303712725 41.14414409027451 49.665514371440786 42.111136455187456 49.55631690016299 41.98659140369252 47.54767345839921 39.02473588296004 32.953109241771685 42.05134918843092 2.5815367225174275 32.71221322020727 42.07784813701872 2.0327083815930673 32.49804002025461 44.62481510682263 2.0171986239273814 
44.20354433841244 0.0 40.851790497888764 0.8647161241961939 41.102841796737096 1.3257300487046841 41.39064148640288 41.708429947036215 52.35856246494831 83.37705506675773 92.53799530521067 54.68963278688602 83.71411024939529 95.01532769314379 54.22799477424146 83.82611582877048 85.34768842868695 93.8690587098532 86.31468079359989 93.75986123857541 86.19013574210496 91.75121779681163 83.22828022137247 37.98428863318186 7.935197033071891 46.78508106092987 37.74339261161745 7.961695981659695 46.23625272000551 37.52921941166478 10.508662951463604 46.22074296233983 
74.96794265324779 40.851790497888764 0.0 40.41855045620599 0.8468049636989743 39.679355751156855 1.1835038561127222 1.4342979264242597 37.66981993048168 55.517970873670606 77.84925277074404 40.000890252419396 55.855026056308155 80.32658515867716 39.53925223977483 55.96703163568334 110.4313071438699 79.18031617538658 111.39829950878286 79.07111870410878 111.27375445728792 77.062475262345 108.31189893655544 55.58063125168769 38.699595347907234 77.54947937576522 55.339735230123274 38.726094296495035 77.00065103484086 55.12556203017061 41.273061266298946 76.98514127717517 
43.77030429672968 0.8647161241961939 40.41855045620599 0.0 40.66960175505432 1.0065276920002393 40.957401444720105 41.27518990535344 51.92532242326554 82.94381502507498 92.10475526352792 54.25639274520326 83.28087020771254 94.58208765146102 53.794754732558694 83.39287578708773 84.91444838700419 93.43581866817046 85.88144075191714 93.32662119689266 85.7568957004222 91.31797775512888 82.79504017968972 37.5510485914991 7.501956991389123 46.351841019247104 37.31015256993468 7.528455939976926 45.803012678322744 37.09597936998202 10.075422909780837 45.78750292065706 
75.21899395209613 41.102841796737096 0.8468049636989743 40.66960175505432 0.0 39.930407050005186 0.8367672065136447 1.1795186646239562 37.92087122933001 55.76902217251894 78.10030406959238 40.25194155126773 56.106077355156486 80.5776364575255 39.790303538623164 56.21808293453167 110.68235844271824 79.43136747423492 111.6493508076312 79.32217000295712 111.52480575613626 77.31352656119334 108.56295023540378 55.83168255053602 38.950646646755565 77.80053067461355 55.590786528971606 38.977145595343366 77.2517023336892 55.376613329018944 41.52411256514728 77.23619257602351 
43.03110959168053 1.3257300487046841 39.679355751156855 1.0065276920002393 39.930407050005186 0.0 40.21820673967097 40.535995200304306 51.1861277182164 82.20462032002582 91.36556055847876 53.51719804015411 82.54167550266338 93.84289294641188 53.05556002750955 82.65368108203857 84.17525368195504 92.6966239631213 85.14224604686798 92.5874264918435 85.01770099537305 90.57878305007972 82.05584547464056 36.81185388644995 6.762762286339981 45.61264631419796 36.57095786488554 6.789261234927785 45.0638179732736 36.356784664932874 9.336228204731695 45.04830821560792 
75.5067936417619 41.39064148640288 1.1835038561127222 40.957401444720105 0.8367672065136447 40.21820673967097 0.0 0.8422499770434629 38.20867091899579 56.05682186218472 78.38810375925817 40.53974124093351 56.39387704482227 80.86543614719129 40.078103228288946 56.505882624197454 110.97015813238403 79.7191671639007 111.93715049729698 79.60996969262291 111.81260544580205 77.60132625085913 108.85074992506956 56.119482240201805 39.23844633642135 78.08833036427933 55.87858621863739 39.26494528500915 77.53950202335497 55.664413018684726 41.81191225481306 77.52399226568929 
75.82458210239525 41.708429947036215 1.4342979264242597 41.27518990535344 1.1795186646239562 40.535995200304306 0.8422499770434629 0.0 38.52645937962913 56.37461032281806 78.7058922198915 40.85752970156685 56.711665505455606 81.18322460782461 40.39589168892228 56.82367108483079 111.28794659301735 80.03695562453403 112.2549389579303 79.92775815325624 112.13039390643537 77.91911471149245 109.16853838570289 56.43727070083514 39.556234797054685 78.40611882491268 56.196374679270725 39.582733745642486 77.85729048398832 55.982201479318064 42.1297007154464 77.84178072632264 
86.47471462030734 52.35856246494832 37.66981993048169 51.92532242326555 37.92087122933002 51.18612771821641 38.2086709189958 38.52645937962914 0.0 34.758898090446735 43.919838328899665 4.234755209113502 35.095953273084284 46.397170716832775 3.773117196468943 35.20795885245947 82.18267230167791 45.25090173354221 83.14966466659087 45.14170426226441 83.02511961509593 43.13306082050063 80.06326409436345 80.25545891507676 50.20636731496679 89.05625134282477 80.01456289351235 50.23286626355459 88.5074230019004 79.80038969355968 52.7798332333585 88.49191324423472 
78.32084227511452 83.37705506675776 55.51797087367061 82.94381502507498 55.769022172518945 82.20462032002585 56.05682186218473 56.374610322818064 34.758898090446735 0.0 35.76596598370684 37.08996841238445 0.7471672598917838 38.24329837163995 36.62833039973989 2.5402516866200147 60.86074426015556 37.097029388349384 61.82773662506851 36.98783191707159 61.70319157357358 34.97918847530781 58.74133605284109 105.97610494912142 81.22485991677623 80.90237899763194 105.735208927557 81.25135886536403 80.35355065670758 105.52103572760434 83.79832583516794 80.3380408990419 
48.33445096679824 92.53799530521067 77.84925277074406 92.10475526352792 78.1003040695924 91.36556055847876 78.38810375925817 78.70589221989151 43.919838328899665 35.76596598370684 0.0 46.25090865083738 36.10302116634439 3.5854291563027543 45.78927063819282 36.21502674571958 44.0424086481688 7.1106380800331035 45.00940101308175 7.00144060875531 44.884855961586815 4.992797166991528 41.92300044085433 81.28756020856991 90.38580015522916 50.91598768931566 81.0466641870055 90.41229910381696 50.367159348391304 80.83249098705284 92.95926607362087 50.351649590725614 
88.80578494224505 54.68963278688604 40.0008902524194 54.256392745203264 40.251941551267734 53.51719804015413 40.539741240933516 40.857529701566854 4.234755209113502 37.08996841238445 46.25090865083738 0.0 37.427023595022 48.72824103877049 0.8314798059953207 37.539029174397186 84.51374262361563 47.58197205547992 85.48073498852858 47.47277458420213 85.35618993703365 45.46413114243835 82.39433441630116 82.58652923701447 52.53743763690451 91.38732166476248 82.34563321545006 52.56393658549231 90.83849332383812 82.1314600154974 55.11090355529622 90.82298356617244 
78.65789745775206 83.71411024939532 55.85502605630816 83.28087020771254 56.10607735515649 82.54167550266341 56.393877044822275 56.71166550545561 35.095953273084284 0.7471672598917838 36.10302116634439 37.427023595022 0.0 38.5803535542775 36.965385582377436 2.1584541790589578 61.19779944279311 37.43408457098693 62.16479180770606 37.32488709970914 62.040246756211126 35.31624365794536 59.07839123547864 106.31316013175896 81.56191509941378 81.23943418026948 106.07226411019455 81.58841404800158 80.69060583934512 105.85809091024188 84.1353810178055 80.67509608167944 
50.81178335473135 95.01532769314379 80.32658515867718 94.58208765146102 80.57763645752551 93.84289294641188 80.86543614719129 81.18322460782463 46.397170716832775 38.24329837163995 3.5854291563027543 48.72824103877049 38.5803535542775 0.0 48.26660302612593 38.69235913365269 46.51974103610191 9.587970467966215 47.48673340101486 9.47877299668842 47.362188349519926 7.470129554924639 44.40033282878744 83.76489259650303 92.86313254316227 53.393320077248774 83.52399657493862 92.88963149175007 52.844491736324414 83.30982337498595 95.43659846155398 52.82898197865873 
88.3441469296005 54.22799477424147 39.53925223977484 53.7947547325587 39.79030353862317 53.055560027509564 40.07810322828895 40.39589168892229 3.773117196468943 36.62833039973989 45.78927063819282 0.8314798059953207 36.965385582377436 48.26660302612593 0.0 37.07739116175262 84.05210461097106 47.12033404283536 85.01909697588401 47.011136571557564 84.89455192438908 45.002493129793784 81.93269640365659 82.12489122436992 52.07579962425994 90.92568365211793 81.88399520280551 52.102298572847744 90.37685531119357 81.66982200285284 54.649265542651655 90.36134555352788 
78.76990303712725 83.82611582877051 55.96703163568335 83.39287578708773 56.21808293453168 82.6536810820386 56.50588262419746 56.8236710848308 35.20795885245947 2.5402516866200147 36.21502674571958 37.539029174397186 2.1584541790589578 38.69235913365269 37.07739116175262 0.0 61.3098050221683 37.54609015036212 62.276797387081245 37.43689267908432 62.15225233558631 35.42824923732054 59.19039681485383 106.42516571113416 81.67392067878897 81.35143975964468 106.18426968956973 81.70041962737677 80.80261141872032 105.97009648961708 84.2473865971807 80.78710166105463 
41.1441440902745 85.34768842868695 110.4313071438699 84.91444838700417 110.68235844271824 84.17525368195504 110.97015813238401 111.28794659301737 82.18267230167791 60.86074426015556 44.0424086481688 84.51374262361563 61.19779944279311 46.51974103610191 84.05210461097106 61.3098050221683 0.0 45.373472052811344 1.0959367503325563 45.26427458153355 1.2022906333396444 43.25563113976977 2.1194082073144713 60.92691167342567 83.19549327870541 43.72568081279193 60.686015651861254 83.22199222729321 43.17685247186757 60.47184245190859 85.76895919709713 43.16134271420188 
49.66551437144078 93.86905870985322 79.1803161753866 93.43581866817046 79.43136747423493 92.69662396312131 79.7191671639007 80.03695562453404 45.25090173354221 37.097029388349384 7.1106380800331035 47.58197205547992 37.43408457098693 9.587970467966215 47.12033404283536 37.54609015036212 45.373472052811344 0.0 46.34046441772429 1.0018251866661187 46.21591936622936 4.254332885194962 43.25406384549687 82.61862361321246 91.7168635598717 52.247051093958206 82.37772759164804 91.7433625084595 51.698222753033846 82.16355439169538 94.2903294782634 51.68271299536816 
42.11113645518745 86.31468079359989 111.39829950878286 85.88144075191713 111.6493508076312 85.14224604686798 111.93715049729697 112.25493895793032 83.14966466659087 61.82773662506851 45.00940101308175 85.48073498852858 62.16479180770606 47.48673340101486 85.01909697588401 62.276797387081245 1.0959367503325563 46.34046441772429 0.0 46.231266946446496 0.7146838092992863 44.222623504682716 3.08640057222742 61.89390403833862 84.16248564361837 44.692673177704876 61.6530080167742 84.18898459220617 44.14384483678052 61.43883481682154 86.73595156201007 44.128335079114834 
49.55631690016298 93.75986123857543 79.0711187041088 93.32662119689266 79.32217000295714 92.58742649184352 79.60996969262291 79.92775815325625 45.14170426226441 36.98783191707159 7.00144060875531 47.47277458420213 37.32488709970914 9.47877299668842 47.011136571557564 37.43689267908432 45.26427458153355 1.0018251866661187 46.231266946446496 0.0 46.10672189495156 4.145135413917168 43.14486637421908 82.50942614193467 91.6076660885939 52.13785362268041 82.26853012037026 91.6341650371817 51.58902528175605 82.05435692041759 94.18113200698562 51.57351552409037 
41.986591403692515 86.19013574210496 111.27375445728792 85.75689570042219 111.52480575613626 85.01770099537305 111.81260544580203 112.13039390643539 83.02511961509593 61.70319157357358 44.884855961586815 85.35618993703365 62.040246756211126 47.362188349519926 84.89455192438908 62.15225233558631 1.2022906333396444 46.21591936622936 0.7146838092992863 46.10672189495156 0.0 44.09807845318778 2.961855520732487 61.769358986843685 84.03794059212343 44.56812812620994 61.52846296527927 84.06443954071123 44.01929978528558 61.314289765326606 86.61140651051514 44.0037900276199 
47.5476734583992 91.75121779681164 77.06247526234502 91.31797775512888 77.31352656119336 90.57878305007974 77.60132625085913 77.91911471149247 43.13306082050063 34.97918847530781 4.992797166991528 45.46413114243835 35.31624365794536 7.470129554924639 45.002493129793784 35.42824923732054 43.25563113976977 4.254332885194962 44.222623504682716 4.145135413917168 44.09807845318778 0.0 41.1362229324553 80.50078270017089 89.59902264683012 50.12921018091663 80.25988667860648 89.62552159541792 49.58038183999227 80.04571347865381 92.17248856522184 49.56487208232659 
39.02473588296003 83.22828022137247 108.31189893655544 82.7950401796897 108.56295023540378 82.05584547464056 108.85074992506955 109.1685383857029 80.06326409436345 58.74133605284109 41.92300044085433 82.39433441630116 59.07839123547864 44.40033282878744 81.93269640365659 59.19039681485383 2.1194082073144713 43.25406384549687 3.08640057222742 43.14486637421908 2.961855520732487 41.1362229324553 0.0 58.8075034661112 81.07608507139095 41.60627260547746 58.56660744454678 81.10258401997875 41.0574442645531 58.35243424459412 83.64955098978265 41.041934506887415 
32.953109241771685 37.98428863318186 55.58063125168769 37.5510485914991 55.83168255053602 36.81185388644995 56.119482240201805 56.43727070083514 80.25545891507676 105.97610494912142 81.28756020856993 82.58652923701447 106.31316013175898 83.76489259650305 82.12489122436992 106.42516571113416 60.92691167342568 82.61862361321246 61.893904038338626 82.50942614193468 61.76935898684369 80.5007827001709 58.80750346611121 0.0 35.83209348320034 35.53464596428911 0.8080085374732473 35.85859243178814 34.98581762336475 1.1245765260874805 38.40555940159205 34.97030786569907 
42.05134918843092 7.935197033071891 38.699595347907234 7.501956991389123 38.950646646755565 6.762762286339981 39.23844633642135 39.556234797054685 50.20636731496678 81.22485991677623 90.38580015522916 52.5374376369045 81.56191509941378 92.86313254316227 52.075799624259936 81.67392067878897 83.19549327870543 91.7168635598717 84.16248564361838 91.6076660885939 84.03794059212345 89.59902264683012 81.07608507139096 35.83209348320034 0.0 44.632885910948346 35.59119746163592 1.9603089994125298 44.08405757002399 35.37702426168326 5.269883718118714 44.068547812358304 
2.5815367225174275 46.78508106092987 77.54947937576522 46.351841019247104 77.80053067461355 45.61264631419796 78.08833036427933 78.40611882491268 89.05625134282477 80.90237899763196 50.91598768931567 91.38732166476248 81.2394341802695 53.39332007724878 90.92568365211793 81.35143975964468 43.725680812791936 52.24705109395821 44.69267317770488 52.13785362268042 44.56812812620995 50.12921018091664 41.606272605477464 35.53464596428911 44.632885910948346 0.0 35.293749942724695 44.65938485953615 1.234352290540624 35.07957674277203 47.20635182934006 2.6150188653745685 
32.71221322020727 37.74339261161745 55.339735230123274 37.31015256993468 55.590786528971606 36.57095786488554 55.87858621863739 56.196374679270725 80.01456289351233 105.735208927557 81.04666418700552 82.34563321545005 106.07226411019455 83.52399657493862 81.8839952028055 106.18426968956975 60.68601565186126 82.37772759164805 61.65300801677421 82.26853012037026 61.528462965279274 80.25988667860648 58.56660744454679 0.8080085374732473 35.59119746163592 35.293749942724695 0.0 35.61769641022372 34.744921601800336 0.7933861909635466 38.16466338002763 34.729411844134646 
42.07784813701872 7.961695981659695 38.726094296495035 7.528455939976926 38.977145595343366 6.789261234927785 39.26494528500915 39.582733745642486 50.232866263554584 81.25135886536403 90.41229910381696 52.5639365854923 81.58841404800158 92.88963149175007 52.10229857284774 81.70041962737677 83.22199222729323 91.7433625084595 84.18898459220618 91.6341650371817 84.06443954071125 89.62552159541792 81.10258401997876 35.85859243178814 1.9603089994125298 44.65938485953615 35.61769641022372 0.0 44.11055651861179 35.40352321027106 3.309574718706185 44.095046760946104 
2.0327083815930673 46.23625272000551 77.00065103484086 45.803012678322744 77.2517023336892 45.0638179732736 77.53950202335497 77.85729048398832 88.5074230019004 80.3535506567076 50.36715934839131 90.83849332383812 80.69060583934514 52.84449173632442 90.37685531119357 80.80261141872032 43.176852471867576 51.69822275303385 44.143844836780524 51.58902528175606 44.01929978528559 49.58038183999228 41.057444264553105 34.98581762336475 44.08405757002399 1.234352290540624 34.744921601800336 44.11055651861179 0.0 34.530748401847674 46.6575234884157 1.3806665748339446 
32.49804002025461 37.52921941166478 55.12556203017061 37.09597936998202 55.376613329018944 36.356784664932874 55.664413018684726 55.982201479318064 79.80038969355968 105.52103572760434 80.83249098705285 82.1314600154974 105.8580909102419 83.30982337498597 81.66982200285284 105.97009648961708 60.4718424519086 82.16355439169538 61.43883481682155 82.0543569204176 61.31428976532661 80.04571347865382 58.35243424459413 1.1245765260874805 35.37702426168326 35.07957674277203 0.7933861909635466 35.40352321027106 34.530748401847674 0.0 37.95049018007497 34.51523864418199 
44.62481510682263 10.508662951463604 41.273061266298946 10.075422909780837 41.52411256514728 9.336228204731695 41.81191225481306 42.1297007154464 52.779833233358495 83.79832583516793 92.95926607362087 55.11090355529621 84.13538101780549 95.43659846155398 54.64926554265165 84.24738659718068 85.76895919709713 94.2903294782634 86.73595156201009 94.1811320069856 86.61140651051515 92.17248856522183 83.64955098978267 38.40555940159205 5.269883718118714 47.20635182934006 38.16466338002763 3.309574718706185 46.6575234884157 37.95049018007497 0.0 46.64201373075001 
2.0171986239273814 46.22074296233983 76.98514127717517 45.78750292065706 77.23619257602351 45.04830821560792 77.52399226568929 77.84178072632264 88.49191324423472 80.33804089904191 50.35164959072563 90.82298356617244 80.67509608167946 52.82898197865873 90.36134555352788 80.78710166105463 43.161342714201886 51.68271299536816 44.128335079114834 51.57351552409037 44.0037900276199 49.56487208232659 41.041934506887415 34.97030786569907 44.068547812358304 2.6150188653745685 34.729411844134646 44.095046760946104 1.3806665748339446 34.51523864418199 46.64201373075001 0.0 
